1.04237430958696 1.71701481000834 1.96559685885627 190.044917332927 76.8683115904805 44.7307700712118 0.0306222649578341 4.00298192398006 1021.61863426721
0.108680995144223 0.158101006889905 0.0898197268481371 0.0802563861770867 0.103691815724184 0.079539100800627 0.122415839766838 0.157535232512944 0.107411113397983 0.144415760763111 0.0689523391227439 0.0946920512494783
0.39226414595548 0.4424470450745 0.60478062968671 0.72652891207177 0.805813762177013 0.872796626423008 0.857781466179961 0.824386429575428 0.869550459754402 0.834596554701415 0.90723626035056 0.888579061772052
0.499054858900297 0.399451948035595 0.305399643465153 0.193214701751143 0.0904944220988035 0.0476642727763646 0.0198026940532013 0.0180783379116282 0.0230384268476151 0.0209876845354744 0.0238114005266959 0.0167288869784693
183.421070284499 185.090200241637 186.366407059342 187.176649523049 187.591868279495 187.701488919857 187.701488919857 187.701488919857 187.701488919857 187.701488919857 187.755582790405 188.031446617151
162.664915033836 169.564346999854 174.839611562484 178.188789216636 179.905116665476 180.358239052392 180.358239052392 180.358239052392 180.358239052392 180.358239052392 180.581838765537 181.722135658765
76.8683115904805 105.387457897887 127.193027198796 141.03702015339 148.131545306468 150.004549303212 150.004549303212 150.004549303212 150.004549303212 150.004549303212 150.928809874935 155.642283982954
0.918773622394216 2.03899096890584 2.07154059914508 190.179492700767 75.3245144604968 41.6944879552952 0.0304483406441888 3.98659193171329 928.824684555412
0.104876821167948 0.149502672029568 0.0874356874150996 0.0516110875344714 0.0302019603985816 0.0374176443566361 0.105475401169205 0.179476769212626 0.0721557691889155 0.0949799425688516 0.141412274585828 1.30593825577702e-05
0.395521931035198 0.44953162822258 0.607184959147552 0.753516002833698 0.878804772050619 0.911382406709501 0.878306661029281 0.793055840281977 0.902746589487823 0.889870572034393 0.837655655236351 0.973543415812718
0.499601247796855 0.400965699747852 0.305379353437349 0.194872909631831 0.0909932675507991 0.0511999489338633 0.0162179378015139 0.0274673905053975 0.0250976413232612 0.0151494853967549 0.0209320701778212 0.0264435248047238
183.618032209178 185.354347413405 186.63467424553 187.411121012814 187.773681871555 187.831864436021 187.831864436021 187.831864436021 187.831864436021 187.831864436021 187.88332864007 188.176723682586
162.727418061756 169.991876126296 175.348553622544 178.597079562162 180.113974736354 180.357401044331 180.357401044331 180.357401044331 180.357401044331 180.357401044331 180.572718834112 181.800235576183
75.3245144604968 105.717815655461 128.129275822387 141.720575606252 148.067016249281 149.08547200075 149.08547200075 149.08547200075 149.08547200075 149.08547200075 149.986326321788 155.122055061935
