1.40403590421791 2.28649611935886 1.3849991837706 188.104965609399 59.2799284063307 40.8436814027281 0.033574696437507 2.12283677797167 1339.42797879884
0.111017407264729 0.162192779187355 0.0826021452885542 0.121230351433488 0.101817782147997 0.101505827294055 0.125871030655731 0.104909443168133 0.0774123090856115 0.119662837115131 0.0671575994781134 0.09
0.388981801455032 0.437789373298931 0.619200219343153 0.679264236213039 0.798161747345312 0.849905910037555 0.85722694240274 0.875142027313038 0.90255083549076 0.859931919965855 0.913164270830994 0.89
0.500000791280239 0.400017847513714 0.298197635368292 0.199505412353474 0.100020470506691 0.0485882626683902 0.0169020269415292 0.0199485295188289 0.0200368554236288 0.0204052429190138 0.0196781296908923 0.02
183.56945915696 184.867640837859 185.730571296237 186.220514294386 186.436333851223 186.467130369737 186.467130369737 186.467130369737 186.467130369737 186.48967841157 186.661366317714 186.950020592653
163.932940715522 170.851612364768 175.450608472551 178.061764353828 179.211976740282 179.37610707941 179.37610707941 179.37610707941 179.37610707941 179.496277083407 180.411289416603 181.94967512782
59.2799284063307 96.1530549450875 120.663448562632 134.579628734766 140.709696618066 141.584430825778 141.584430825778 141.584430825778 141.584430825778 142.224878008153 147.101444964494 155.300286284168
1.39627946289393 2.083306726052 1.4658797438166 188.314109801478 60.6161184735234 28.1586318230267 0.0293959697746047 -248.782942587145 390.996058231573
0.0933798950045199 0.169920077441406 0.116380802621866 0.114501588958496 0.0746124188099188 0.0738250636698647 0.0323653806371359 0.0904470864417534 0.112582015785667 0.0690263598183078 0.0910715575880936 0.09
0.406619978953522 0.43007957061153 0.583581109707277 0.685492478037017 0.826895164137956 0.875689270564099 0.947567855794877 0.889489511855206 0.867266146640608 0.910499703850293 0.887425371767653 0.89
0.500000126041958 0.400000351947065 0.300038087670858 0.200005933004486 0.0984924170521256 0.0504856657660366 0.0200667635679866 0.020063401703041 0.0201518375737253 0.0204739363313995 0.0215030706442536 0.02
183.452627458982 184.802882429919 185.730451488528 186.275875859917 186.533498155853 186.586661624609 186.586661624609 186.586661624609 186.586661624609 186.602612819663 186.76174109327 187.048985697309
163.398220694063 170.318497422933 175.0724399811 177.8678287528 179.188184994974 179.460656434498 179.460656434498 179.460656434498 179.460656434498 179.542408908148 180.357967237836 181.830142635529
60.6161184735234 96.0836642592891 120.448394450102 134.775217369719 141.542258242157 142.938718764654 142.938718764654 142.938718764654 142.938718764654 143.357713512394 147.537582834452 155.082721615469
