1.55570942278794 1.98944358142184 1.26970706352826 187.496350859791 60.7202905820281 58.5457245453445 0.0373155985663181 2.61928890585628 2078.05206965014
0.101225226984873 0.162305053045417 0.137857789767461 0.104472240452527 0.102304335276552 0.069831834367925 0.0654985150841547 0.108872021976417 0.106975608973236 0.0782390061625905 0.089153595494095 0.09
0.398770320633322 0.4376875638434 0.562138241980223 0.695544149871063 0.798195297700111 0.882106286276151 0.91613285516246 0.870873544451096 0.87298722362773 0.901623621783231 0.890913008986977 0.89
0.500004452381805 0.400007383111183 0.300003968252316 0.19998360967641 0.0995003670233366 0.0480618793559244 0.0183686297533856 0.0202544335724876 0.0200371673990339 0.0201373720541782 0.0199333955189276 0.02
183.258512484558 184.430983464782 185.230421234156 185.70362324381 185.935149577201 185.996465114083 185.996465114083 185.996465114083 185.996465114083 186.035973778576 186.202410036574 186.457192665232
164.317557679257 170.730370050684 175.102882892448 177.691054158836 178.957383953028 179.29274835872 179.29274835872 179.29274835872 179.29274835872 179.508840404248 180.419161011194 181.812690762155
60.7202905820281 95.7950712842747 119.71046443159 133.866428200763 140.792599941871 142.62687050893 142.62687050893 142.62687050893 142.62687050893 143.808782698064 148.78776755027 156.409657539568
1.37824686889874 2.08715620613723 1.54933767026531 188.390323249721 59.2187771201261 47.5873317528228 0.0359998545530816 2.51646330515413 1030.28811192458
0.104781175495885 0.154004934659959 0.119990590071813 0.0886308044770531 0.100923507532639 0.0480524318987201 0.116671240260351 0.0602028324143619 0.0844149208770304 0.108953039510935 0.0365656142934042 0.09
0.395218282618764 0.445994737353251 0.580032554820972 0.711306791161859 0.799392489350958 0.901257810854742 0.863262374763307 0.92075202139615 0.895568148144641 0.871767281591686 0.941200902612331 0.89
0.500000541885351 0.40000032798679 0.299976855107216 0.200062404361088 0.0996840031164027 0.0506897572465382 0.0200663849763417 0.0190451461894886 0.0200169309783285 0.019279678897379 0.0222334830942649 0.02
183.489034801497 184.858159604261 185.803214442958 186.360303753178 186.624485187049 186.679912370183 186.679912370183 186.679912370183 186.679912370183 186.690177921739 186.836954562144 187.118463660997
163.228705517861 170.257346104575 175.108949685579 177.968864668002 179.325086061851 179.609631158251 179.609631158251 179.609631158251 179.609631158251 179.662331154748 180.415834597128 181.861010576509
59.2187771201261 95.3015275000994 120.208079314242 134.889950886076 141.852349576194 143.313111377654 143.313111377654 143.313111377654 143.313111377654 143.583655986551 147.451897118876 154.870959663873
