1.3512775619161 2.2705026095891 1.52277579915409 188.444074009971 58.6662891775729 22.522833127557 0.0280171806176553 -7.86907448922764 521503.780538546
0.101588863961524 0.161011044677047 0.109838985084715 0.0887754205763759 0.0780132511786698 0.0999778910350585 0.0405021116674827 0.0490720494009757 0.0527694574028233 0.0738662447042218 0.0664855170942508 0.09
0.398411127206063 0.438988685215135 0.590134724299741 0.711109030047708 0.823009713898559 0.849525259827555 0.939475112338648 0.930588623160805 0.927214249824383 0.906106189128935 0.913346262013024 0.89
0.500000008832412 0.400000270107818 0.300026290615544 0.200115549375916 0.0989770349227715 0.0504968491373865 0.0200227759938693 0.0203393274382194 0.0200162927727933 0.0200275661668433 0.0201682208927249 0.02
183.700326230649 185.058578356081 185.972832248719 186.496351141421 186.729892081346 186.764976617278 186.764976617278 186.764976617278 186.764976617278 186.776529435831 186.931422200456 187.220237663056
163.632119661229 170.736394866835 175.518357758325 178.256599222816 179.478124356434 179.66163240627 179.66163240627 179.66163240627 179.66163240627 179.722058891793 180.532218365612 182.042854345141
58.6662891775729 95.8248735464049 120.836710279844 135.158956186112 141.548087156203 142.507917561817 142.507917561817 142.507917561817 142.507917561817 142.823975512197 147.061477338756 154.962789277179
1.29089629940946 2.32622329426363 1.58837698727148 188.434545712336 58.60129373383 38.5346443007348 0.0340802753282284 2.3929066901913 1227.98065971332
0.0967392981530714 0.164240817722283 0.113213019290026 0.0929772427956106 0.0750289294655218 0.102259070525309 0.0976778660210084 0.0452800253500538 0.119461703064562 0.094393351882727 0.068986578528908 0.09
0.403260601131659 0.435758978011988 0.586781731622204 0.707020426942188 0.824753372848676 0.84752315816067 0.882452958083214 0.935704126610017 0.862334170557631 0.885584782352183 0.910902303917251 0.89
0.500000100715269 0.40000020426573 0.30000524908777 0.200002330262201 0.100217697685802 0.0502177713140209 0.0198691758957776 0.0190158480399296 0.0182041263778072 0.0200218657650898 0.0201111175538407 0.02
183.529336761915 184.939576696134 185.888348402098 186.428494127777 186.664350188102 186.694956687611 186.694956687611 186.694956687611 186.694956687611 186.701765569089 186.851016313099 187.148540253025
163.198475700005 170.453806527669 175.334999039436 178.113913350296 179.327333637049 179.484796402087 179.484796402087 179.484796402087 179.484796402087 179.519826389886 180.28768404148 181.818370104844
58.60129373383 95.9281514844724 121.040662942324 135.337480226957 141.580223323202 142.390329763725 142.390329763725 142.390329763725 142.390329763725 142.570550266776 146.520985335085 154.395981293953
