1.32476775412813 2.34523352725382 1.49543995277888 188.529680743219 57.987571299914 31.3434884244025 0.0299012208847609 -4.57439968801857 2358.03837202056
0.105773902610421 0.157036563791235 0.122981245993497 0.0650363169225856 0.0773108682946885 0.0639535623216123 0.098372287763552 0.0672508464212967 0.072816074401201 0.0881883197029256 0.074177521718552 0.09
0.394225814574557 0.442961561960379 0.577010491423174 0.734685415382277 0.822699943832826 0.887679649022007 0.881422832115263 0.912805594833886 0.907148191454971 0.893172835183668 0.906716068419848 0.89
0.500000282815022 0.400001874248386 0.30000826258333 0.200278267695138 0.0999891878724851 0.0483667886563806 0.0202048801211855 0.0199435587448177 0.0200357341438284 0.0186388451134065 0.0191064098615996 0.02
183.716907420636 185.101774479952 186.024774660945 186.5465979193 186.771700659842 186.799213792665 186.799213792665 186.799213792665 186.799213792665 186.811783694072 186.97574109181 187.277770106518
163.464374405524 170.676872221672 175.483930592313 178.201627634773 179.37398061526 179.517271199772 179.517271199772 179.517271199772 179.517271199772 179.582736246279 180.436639417111 182.009630553221
57.987571299914 95.5508337069314 120.58637612027 134.740358520117 140.846066107452 141.592334870879 141.592334870879 141.592334870879 141.592334870879 141.933282041067 146.380477685874 154.57274065992
1.39413349142603 2.27037230995128 1.53543215927687 188.164084505939 58.1514773136732 24.6448169723737 0.0282312095904005 -9.50053779011595 1472.40996065251
0.0991085051295712 0.15667434062842 0.118908715449512 0.0839671758034972 0.0921430333405446 0.0428674597598162 0.104840748719946 0.0417589405170568 0.0240729841270266 0.101807849350589 0.0568154277399942 0.09
0.400891319544279 0.443324546823457 0.581423522912768 0.715846888099017 0.808788735987424 0.906833957201441 0.875552308922942 0.938178547626774 0.957744964007415 0.877668082618227 0.922853113128334 0.89
0.50000017532615 0.400001112548123 0.29966776163772 0.200185936097485 0.0990682306720319 0.0502985830387428 0.0196069423571129 0.0200625118561693 0.0181820518655581 0.020524068031184 0.0203314591316721 0.02
183.693080116108 184.986241929874 185.854762414109 186.352358172388 186.576719357745 186.613340682383 186.613340682383 186.613340682383 186.613340682383 186.62545673991 186.772086624052 187.041284523193
164.054191567769 171.027567159287 175.711064213583 178.394349536651 179.604217317305 179.80169782488 179.80169782488 179.80169782488 179.80169782488 179.867033669881 180.657735378034 182.109385155482
58.1514773136732 95.7554079453497 121.011167660582 135.480784825098 142.004997310161 143.069911025263 143.069911025263 143.069911025263 143.069911025263 143.422234595234 147.686093868773 155.514115867049
