1.32804475668936 2.2207096147903 1.66069932648178 188.300225511083 58.1521789327001 42.5738849584648 0.0343718766712262 2.35034226138946 1360.2772633481
0.104211081022059 0.159864329391239 0.133755788879378 0.0826668067598698 0.0485652819957181 0.0683797065626664 0.0923096665791862 0.0625643072395873 0.0210451979759463 0.0555551086935937 0.104137538730865 0.09
0.395782155620973 0.44013530152882 0.566242047649662 0.71731955879083 0.851417927425854 0.881292845109363 0.887691233366814 0.917354186651181 0.959103530332786 0.924185904578815 0.875890732791478 0.89
0.500006763356968 0.400000369079941 0.30000216347096 0.200013634449301 0.100016790578427 0.0503274483279706 0.0199991000540003 0.0200815061092314 0.019851271691268 0.0202589867275917 0.0199717284776576 0.02
183.499985043411 184.875072624745 185.814627580905 186.359568270909 186.609181248561 186.65240335175 186.65240335175 186.65240335175 186.65240335175 186.657018860627 186.78889670326 187.063724637236
163.305387644555 170.465464598863 175.357724466692 178.195229021985 179.494963055689 179.720020418698 179.720020418698 179.720020418698 179.720020418698 179.74405335972 180.430740894852 181.861769131292
58.1521789327001 95.4346783803975 120.908660990401 135.683538787195 142.451250042665 143.623123063812 143.623123063812 143.623123063812 143.623123063812 143.748262516375 147.3238424735 154.775202252897
1.38652330453464 2.24409053688186 1.55382679714723 187.805430053077 59.0563237361218 30.8749566570767 0.0300718646746643 -206.659741336069 529.209755471072
0.106226474603095 0.16907759758972 0.138284593525219 0.125128016099566 0.165839773382355 0.0793585313147371 0.105220697412952 0.0838352895615516 0.0803807527539617 0.099332775821419 0.0716030562464606 0.09
0.393773477702489 0.43092185605755 0.562163178575334 0.674447925905425 0.734679009086251 0.870495349540629 0.87448598110998 0.896096983532864 0.899603093533407 0.880506213513698 0.908297198023089 0.89
0.500000047694416 0.40000054635273 0.299552227899446 0.200424057995008 0.0994812175313944 0.0501461191446344 0.0202933214770672 0.0200677269055846 0.0200161537126311 0.0201610106648834 0.0200997457304503 0.02
183.304713410541 184.600860791273 185.47574391768 185.979337530646 186.208292568148 186.247238251181 186.247238251181 186.247238251181 186.247238251181 186.257972052464 186.401196187081 186.669053879478
163.7333872334 170.665819938608 175.345124536911 178.038590484197 179.263154460172 179.47145509851 179.47145509851 179.47145509851 179.47145509851 179.528864738932 180.294897745483 181.727532224185
59.0563237361218 96.1343782279677 121.161597136195 135.567575731612 142.117145234948 143.231239341215 143.231239341215 143.231239341215 143.231239341215 143.538294290964 147.635414994078 155.297847725416
