1.09129690925358 1.70879282572846 1.96507001188958 189.444022058414 77.3831756425296 34.5182325125253 0.0282205407971158 3.83240603080613 883.471571552481
0.0922848715342558 0.176763584348134 0.10644037964679 0.13293596854481 0.111612197490432 0.132090317796308 0.129330102885539 0.0976663491135783 0.163733670647493 0.139729231751324 0.0695251984691066 0.09
0.405297254561053 0.421364068484376 0.585917054780478 0.661699536066743 0.791580900239153 0.815258675233829 0.849389368133863 0.882489446137302 0.818971195942029 0.843202489985277 0.909570086922959 0.89
0.502417873904692 0.40187234716749 0.307642565572732 0.205364495388447 0.0968069022704153 0.0526510069698639 0.0212805289805976 0.0198442047491201 0.0172951334104781 0.0170682782633989 0.0209047146079347 0.02
183.25928905075 184.833786210245 186.033906472164 186.795734699215 187.189002514173 187.299102583076 187.299102583076 187.299102583076 187.299102583076 187.299102583076 187.353868200394 187.612175540101
163.117867464645 169.81992809959 174.928402710742 178.171227850388 179.845225625312 180.313881496329 180.313881496329 180.313881496329 180.313881496329 180.313881496329 180.54699877175 181.646518985378
77.3831756425296 105.911405422823 127.65632022915 141.45984510906 148.585443604203 150.580340861109 150.580340861109 150.580340861109 150.580340861109 150.580340861109 151.572636150751 156.252893016664
0.960798257046538 1.9747652457624 1.94940769969891 190.46412810533 76.7575744039421 37.1931141400502 0.0288749999588394 3.90583901476373 957.231580778081
0.0901483894002015 0.162995060712592 0.103701737089637 0.0928931222481996 0.140816395949103 0.140610951838655 0.126094311614823 0.140928036343414 0.14815291524848 0.0688856641767873 0.0920922681772811 0.09
0.408681809856103 0.437188728477411 0.594739889479671 0.707843612632797 0.756594036676684 0.814505060727848 0.860965646898339 0.837928524771916 0.833569398657752 0.907512623164845 0.888116788309375 0.89
0.501169800743695 0.399816210809997 0.301558373430692 0.199263265119004 0.102589567374213 0.0448839874334968 0.0129400414868375 0.0211434388846705 0.0182776860937679 0.0236017126583679 0.0197909435133434 0.02
183.782945544376 185.520824540368 186.803856539976 187.586778687492 187.957186837678 188.020963488845 188.020963488845 188.020963488845 188.020963488845 188.020963488845 188.087818415309 188.399626447047
162.901576633162 170.071022886488 175.364043277268 178.59391041422 180.121992248847 180.385096454496 180.385096454496 180.385096454496 180.385096454496 180.385096454496 180.660899777489 181.947232675266
76.7575744039421 106.334408980969 128.170236041989 141.494730380876 147.79867939534 148.884089522153 148.884089522153 148.884089522153 148.884089522153 148.884089522153 150.021888589433 155.328526505981
