1.24054124662111 1.68105755759228 1.78696239681658 188.056985956006 75.8218097573974 58.9878944758532 0.0347906496303104 4.13319825357958 907.370785585009
0.104707828429263 0.162360065198098 0.18634954541238 0.221550934562308 0.241615749842651 0.309614873344781 0.278842373428105 0.207921650725036 0.260013294871154 0.280369659127284 0.269197292413265 0.09
0.395272609480297 0.434783565539406 0.514618896361467 0.580443900231508 0.658716527023511 0.639895806261637 0.697166086787169 0.770631760804044 0.720890998036666 0.704028477222197 0.710288997366946 0.89
0.50001956209044 0.402856369262497 0.299031558226153 0.198005165206184 0.0996677231338375 0.0504893203935819 0.0239915397847265 0.0214465884709203 0.0190957070921794 0.0156018636505189 0.0205137102197892 0.02
182.506527956525 183.93244760342 185.001819114821 185.679039038935 186.033926522215 186.146109299479 186.146554315711 186.146554315711 186.146554315711 186.146554315711 186.231032499984 186.484914363328
163.097886782463 169.509910778266 174.318621988926 177.363920097633 178.95976532184 179.464224785104 179.466225918032 179.466225918032 179.466225918032 179.466225918032 179.846104367604 180.987751166152
75.8218097573974 104.655167802688 126.278806791577 139.972793398688 147.14893259663 149.417367701232 149.426366323544 149.426366323544 149.426366323544 149.426366323544 151.134590022861 156.268306135797
0.855517900547144 2.13185083957264 2.1019863090998 190.228774423803 75.2868606503961 41.6337836588296 0.0300151919461649 3.95452225959425 887.734655949067
0.0989184968823712 0.129436739435225 0.0991772110796018 0.0819683722751624 0.0596812896618076 0.153816379187831 0.147267569424833 0.17929958759507 0.119303181158631 0.12601132712468 0.0540385332867802 0.09
0.400993844790631 0.469289875152527 0.59857941687538 0.709679048911527 0.843446027362824 0.79033464413806 0.830658663193082 0.805034995875282 0.857293601099802 0.856034586408996 0.92872565826616 0.89
0.500087658326998 0.401273385412247 0.302243372045018 0.208352578813311 0.0968726829753683 0.0558489766741089 0.0220737673820854 0.0156654165296478 0.0234032177415663 0.0179540864663237 0.0172358084470597 0.02
183.512023420981 185.30229768405 186.612138987973 187.396501426354 187.750329150724 187.796103366359 187.796103366359 187.796103366359 187.796103366359 187.796103366359 187.845614275256 188.150332892814
162.443234756489 169.84915713339 175.267647039114 178.512360686534 179.976058576595 180.165415199123 180.165415199123 180.165415199123 180.165415199123 180.165415199123 180.370229598607 181.630775245148
75.2868606503961 105.923332047051 128.338286263632 141.760865085086 147.81582168064 148.599143251488 148.599143251488 148.599143251488 148.599143251488 148.599143251488 149.446409827086 154.660975775668
