1.0223448854476 1.77690852336237 2.08028593628945 189.368453186065 76.2827714853104 33.7416743550195 0.0277561143088944 3.78270240564727 907.688392037858
0.100145292107518 0.154802588003941 0.114282696690251 0.106526876875187 0.167813668620353 0.142891166596264 0.096701293673534 0.128066991952753 0.0533645361812935 0.142407306482169 0.161991239858348 0.09
0.398236787460218 0.442277962966446 0.584823395500959 0.692493616116561 0.731897419156754 0.813744236834364 0.887075374267831 0.851294410862022 0.929348604906826 0.832104501577956 0.814094599549021 0.89
0.501617920432264 0.402919449029613 0.300893907808791 0.200979507008252 0.100288912222893 0.0433645965693714 0.0162233320586348 0.0206385971852259 0.0172868589118802 0.0254881919398751 0.023914160592631 0.02
183.065563534247 184.688240725788 185.924808195963 186.704126321031 187.099023767689 187.198629683654 187.198629683654 187.198629683654 187.198629683654 187.198629683654 187.240190779928 187.492672704772
162.6707646539 169.544077156764 174.781911704321 178.082936110569 179.755636985158 180.177546278718 180.177546278718 180.177546278718 180.177546278718 180.177546278718 180.353590167262 181.423049441003
76.2827714853104 105.39664885309 127.582992428591 141.565423710669 148.650625804345 150.437743068095 150.437743068095 150.437743068095 150.437743068095 150.437743068095 151.18342721679 155.713427290637
1.09425954018704 1.67112312241859 1.91640366745326 190.24616946366 76.1390378694723 51.5416683894375 0.0316921501282688 4.0209840247676 985.703130032349
0.0775205615710119 0.15247327806522 0.0810586696592973 0.0728061061710842 0.0771008427335702 0.0611255308243106 0.0743091334924426 1.96177935366374e-05 0.0770107162333711 0.0436451646120783 0.0598634507742999 0.09
0.421970943841654 0.4463987041953 0.622431274655866 0.727248646982657 0.823248938189287 0.88995046313487 0.901337877196055 0.981600815057217 0.902612508654434 0.930717038511767 0.915868778751492 0.89
0.500508494587334 0.40112801773948 0.296510055684836 0.199945246846259 0.0996502190771432 0.0489240060408191 0.0243529893115022 0.0183795671492463 0.0203767751121948 0.0256377968761544 0.0242677704742083 0.02
183.746177237719 185.379345397191 186.629021796823 187.426512546912 187.84120693133 187.960600567548 187.960600567548 187.960600567548 187.960600567548 187.960600567548 188.021801237877 188.295844905195
163.012082949023 169.854836201945 175.090810953889 178.432189116756 180.16970238597 180.669945540891 180.669945540891 180.669945540891 180.669945540891 180.669945540891 180.92636805534 182.074573881611
76.1390378694723 104.809246634435 126.747271239111 140.747192900929 148.02713802229 150.123089045907 150.123089045907 150.123089045907 150.123089045907 150.123089045907 151.197464629763 156.008291431135
