1.01594360908495 1.77055302869959 2.06308179818303 189.917199982329 75.891940939595 38.1286850605711 0.0291201993613175 3.94544617052472 977.30280154021
0.103620878806683 0.15219581406083 0.0940441375454988 0.142021450694376 0.0693830775382396 0.0537473444102185 0.0678509886302873 0.156313746956533 0.0978762387110329 0.014896510192034 0.122239461832183 0.09
0.396706504627887 0.449759693442024 0.606869333818315 0.650978340515787 0.833014090494639 0.905134511606949 0.913007807517736 0.821043354083536 0.884079468981483 0.962384986012389 0.858341931287629 0.89
0.49967261656543 0.398044492497146 0.299086528636186 0.207000208789837 0.0976028319671214 0.0411181439828329 0.0191412038519764 0.0226428989599313 0.0180442923074845 0.0227185037955767 0.0194186068801887 0.02
183.445737123405 185.103658683376 186.368282051677 187.166062414398 187.570311040307 187.671666044457 187.671666044457 187.671666044457 187.671666044457 187.671666044457 187.715071265654 187.975776120111
162.752696878569 169.711960393387 175.020322067122 178.369071432092 180.065938630835 180.491384682962 180.491384682962 180.491384682962 180.491384682962 180.491384682962 180.673581705742 181.767911995886
75.891940939595 105.104027830811 127.386317060553 141.442970788079 148.565711857877 150.351557014594 150.351557014594 150.351557014594 150.351557014594 150.351557014594 151.11634415758 155.709886485054
1.14967123703738 1.68439836877799 1.97239389060533 189.13152015396 75.2882893473666 37.7835825702052 0.0295582594730199 3.98411866792309 826.734082339279
0.111014274696513 0.158905430463827 0.0972721672879301 0.122086468624489 0.0803652029001689 0.0575126832173603 0.0991524739853148 0.149984359066717 0.119640952847108 0.0928273579856072 0.177815261336674 0.09
0.387971728575066 0.440053995725706 0.603745787763864 0.674439325631595 0.80827087614469 0.894179427589099 0.876249907885625 0.824635050734654 0.857287745244689 0.883981698960526 0.799462801409796 0.89
0.501013996728422 0.401040573810467 0.298982044948206 0.203474205743916 0.111363920955141 0.0483078891935409 0.0245976181290607 0.0253805901986298 0.0230713019082036 0.0231909430538664 0.0227219372535306 0.02
183.267212588124 184.775086065309 185.923227785298 186.653554593042 187.034973703686 187.150889850902 187.150964048181 187.150964048181 187.150964048181 187.150964048181 187.205943399253 187.448668146748
163.293336786348 169.937038700219 174.995759778543 178.213585202077 179.894120680494 180.404848099448 180.405175013215 180.405175013215 180.405175013215 180.405175013215 180.647414448733 181.716861516987
75.2882893473666 104.560490091135 126.849253318497 141.027016405583 148.431468399214 150.681737259371 150.683177643897 150.683177643897 150.683177643897 150.683177643897 151.750486423918 156.462478273132
