1.11198543561563 1.8921603222695 1.73304623038503 189.53740708633 76.2110839989538 51.244118601875 0.032459025935542 4.06154814531841 858.801527326192
0.107763364445022 0.143778037762057 0.123754155159276 0.125292951026956 0.164911365969497 0.172708057617432 0.154605636924545 0.104616541108129 0.20607984791811 0.223184663962425 0.264722771215158 0.09
0.392459378228297 0.456568917229095 0.574634256013766 0.687935506656343 0.737047185445375 0.784446728151331 0.831951461984222 0.874478523326025 0.774975136161742 0.759793631013788 0.711967470870911 0.89
0.499777257326681 0.399653045008848 0.301611588826958 0.186771542316701 0.0980414485851279 0.0428452142312378 0.0134429010912337 0.0209049355658453 0.0189450159201485 0.0170217050237867 0.0233097579139308 0.02
183.310658146216 184.920152269328 186.097156288442 186.81884662976 187.170150976965 187.243823574987 187.243823574987 187.243823574987 187.243823574987 187.243823574987 187.349437821574 187.665989448028
162.973247732581 169.839568950356 174.860828459045 177.939657783174 179.438369992478 179.752667333303 179.752667333303 179.752667333303 179.752667333303 179.752667333303 180.203232098858 181.553684466488
76.2110839989538 105.503745828942 126.925123024034 140.059828401713 146.453538881488 147.794374159488 147.794374159488 147.794374159488 147.794374159488 147.794374159488 149.716544837396 155.477758632651
1.01150919295177 2.00485364270748 1.8618873114109 189.973822609438 75.950133149404 31.3889526859307 0.0273280893470139 3.79763036621215 866.732522978677
0.0828974861400373 0.171349572432107 0.123830640823802 0.0791969880101768 0.0782272679223224 0.108204743759843 0.151912238501362 0.130886603903948 0.115794038157174 0.0869184941985416 0.105423504299541 0.09
0.418162177450198 0.428981227297943 0.578358946803982 0.715404604265104 0.82635796425155 0.845587168558828 0.830560247343363 0.848550458449187 0.868735499416502 0.8991962907673 0.870205602942733 0.89
0.498940336409765 0.399669200269951 0.297810412372217 0.20539840772472 0.0954147678261278 0.0462080876813281 0.0175275141552744 0.0205629376468655 0.0154704624263242 0.0138852150341588 0.0243708927577265 0.02
183.533259898514 185.221719444466 186.452383296128 187.197335734371 187.546865845292 187.605507960672 187.605507960672 187.605507960672 187.605507960672 187.605507960672 187.69006983467 188.009431408039
162.874436592441 169.978818470785 175.156973900713 178.291444380133 179.762131310073 180.008874551753 180.008874551753 180.008874551753 180.008874551753 180.008874551753 180.364678069032 181.708427512082
75.950133149404 105.842612358851 127.630278926187 140.818913101988 147.00699240708 148.045192119353 148.045192119353 148.045192119353 148.045192119353 148.045192119353 149.542275106309 155.196250776103
