1.08954005669492 1.84577143983564 1.83245700838965 190.266622519076 75.6414716083823 49.9814889899601 0.0309840049312672 4.0018053766125 974.019543625225
0.08718880506669 0.15039308941493 0.118840841852027 0.0602518232607011 0.0942009248072884 0.0535291159292008 0.045391671969114 0.10874659381388 0.0246156803261718 0.11220171431501 0.124403194290169 0.09
0.411468106717236 0.447817162189701 0.580363644494378 0.740777957819409 0.810904385619788 0.899070470144283 0.942386386333047 0.877386086448523 0.951783713192425 0.867579131252133 0.856905847504462 0.89
0.501343088216074 0.401789748395369 0.300795513653596 0.19897021891989 0.0948946895729238 0.0474004139265167 0.0122219416978387 0.0138673197375971 0.0236006064814029 0.0202191544328572 0.0186909582053685 0.02
183.914402647225 185.551214174457 186.764853787694 187.516881207047 187.889233659063 187.973886481384 187.973886481384 187.973886481384 187.973886481384 187.973886481384 188.058299057122 188.360194885195
163.282846626349 170.235904977681 175.391359291101 178.585918005752 180.16764460228 180.527243739633 180.527243739633 180.527243739633 180.527243739633 180.527243739633 180.885822326675 182.16825422167
75.6414716083823 105.177566407741 127.077567765531 140.647824805005 147.36688630875 148.894437736332 148.894437736332 148.894437736332 148.894437736332 148.894437736332 150.417653939151 155.865332947485
1.00836993996637 2.01905054735883 1.97067063644535 190.351169430937 73.7262591939185 41.6642379442678 0.0309758705365881 4.12540270968377 965.366838672117
0.0775794738285577 0.126777871452277 0.0848177785647358 0.0256818818405769 0.125337685976179 0.0725994325165066 0.0535593625966443 0.0394658276250524 0.0124332753955467 0.0873485733809389 0.0259388537458441 0.09
0.422275117192973 0.47226509897097 0.613486593283303 0.770005706039262 0.771278462663026 0.879502446626685 0.926809415440116 0.940441803125247 0.9684563005319 0.899329614172539 0.951616723408073 0.89
0.500145408978469 0.400957029576753 0.301695628151961 0.204312412120161 0.103383851360794 0.0478981208568088 0.0196312219632402 0.0200923692497001 0.0191104240725534 0.013321812446522 0.0224444228460831 0.02
184.06427730943 185.736658519338 186.959223394351 187.699949332519 188.049679596304 188.111176924861 188.111176924861 188.111176924861 188.111176924861 188.111176924861 188.17949958156 188.47620731674
163.273351399556 170.476343467145 175.741964154971 178.932291231878 180.438589138669 180.703459831519 180.703459831519 180.703459831519 180.703459831519 180.703459831519 180.997727401209 182.275655812647
73.7262591939185 104.749744998681 127.428918754419 141.169745601687 147.657412294996 148.798217685675 148.798217685675 148.798217685675 148.798217685675 148.798217685675 150.065636236943 155.569709205473
