1.00604686324944 1.87800820383578 1.96752718950041 189.898754156098 76.4615010010143 49.423470186529 0.0319568744452523 4.0091503162035 1011.03029683925
0.101329448855044 0.146764394663106 0.133541056944106 0.10927260297843 0.0835149663442171 0.125069898266646 0.166080910848986 0.110732467777738 0.215003345776732 0.124861801038115 0.0982472979893752 0.09
0.40016456521953 0.453241962373199 0.567548458926524 0.686845909841204 0.817840561049573 0.824695593724302 0.812461450269745 0.865518438738898 0.761209403609275 0.858698083190161 0.878732262007107 0.89
0.498505985925426 0.399993642963695 0.298910484129371 0.203881487180365 0.0986444726062095 0.050234508009052 0.0214576388812695 0.0237490934833638 0.0237872506139928 0.0164401157717246 0.023020440003518 0.02
183.385901435179 185.068482770876 186.326030239743 187.104969992377 187.486548039413 187.566737267532 187.566737267532 187.566737267532 187.566737267532 187.566737267532 187.627394578282 187.917762149745
162.717876266217 169.739996953588 174.988272272668 178.239115982355 179.83160190924 180.166265337231 180.166265337231 180.166265337231 180.166265337231 180.166265337231 180.419413846386 181.631240037044
76.4615010010143 105.767768639831 127.671032339041 141.238172530663 147.884287125116 149.28097858433 149.28097858433 149.28097858433 149.28097858433 149.28097858433 150.337473949753 155.394935115158
0.856959483802661 2.04744401342688 2.15497637035693 189.771293657499 75.272527929317 33.4017463706705 0.0280730188232837 3.80212230798938 960.257647725954
0.113421040174946 0.161452460531526 0.142912880615593 0.117605937452483 0.171700059819159 0.224830271916966 0.151116628523634 0.198508839623541 0.105232721455366 0.165154617362854 0.208742150268802 0.09
0.387748907884744 0.438942754406826 0.55615317378398 0.684632246660461 0.724240563741303 0.733122707323407 0.829615734617915 0.774805775488099 0.879710342209904 0.815363332775443 0.775319381795264 0.89
0.49883005194031 0.399604785061648 0.300933945600428 0.197761815887056 0.104059376439537 0.0420470207596266 0.0192676368584515 0.0266853848883599 0.0150569363347303 0.0194820498617024 0.0159384679359342 0.02
183.004464267402 184.789592454484 186.115666712047 186.921298424068 187.295672166454 187.353034916983 187.353034916983 187.353034916983 187.353034916983 187.353034916983 187.392526328738 187.679842379168
161.93617890905 169.279240934651 174.734000763269 178.047938481561 179.587911706449 179.823871363656 179.823871363656 179.823871363656 179.823871363656 179.823871363656 179.986317897239 181.168182367545
75.272527929317 105.477955361356 127.915918106069 141.547684379483 147.882310088684 148.852921841359 148.852921841359 148.852921841359 148.852921841359 148.852921841359 149.521139945006 154.382697884717
